39368806
39367479
39358557
39348688
39348228
39341065
39335665
39327512
39323416
39320922
39319495
39316769
39310770
39303415
39293730
39291933
39284421
39271657
39269403
39269310
39266215
39257438
39252658
39235181
39213421
39213127
39211288
39201801
39201643
39197208
39194679
39175944
39169294
39167629
39160226
39157734
39151808
39138571
39135122
39131155
39122983
39121194
39117621
39116206
39114953
39093821
39079025
39078701
39074350
39069665
39068587
39055004
39054741
39040441
39039207
39039104
39038546
39035202
39029230
39027241
39025845
39015775
39010674
39001353
38992659
38989727
38985136
38983860
38982116
38981064
38979889
38977426
38975343
38971872
38968137
38959336
38959154
38957460
38951413
38944022
38934068
38923422
38920727
38914802
38909531
38908646
38896972
38895447
38892314
38890636
38890248
38888519
38886192
38882340
38881696
38875335
38874230
38872307
38867811
38865482
38863835
38862461
38849989
38843278
38838438
38838151
38832992
38832711
38831842
38831284
38828721
38828204
38820928
38815282
38814167
38805560
38805391
38801164
38798673
38794825
38786045
38785043
38783333
38782540
38776701
38773982
38773064
38768424
38767410
38761795
38759369
38750478
38750365
38749193
38746193
38737296
38736871
38728587
38727748
38727005
38724533
38720892
38720108
38709159
38705581
38699238
38695984
38693120
38690738
38684862
38676917
38674314
38647535
38646934
38646501
38638258
38627199
38612630
38612629
38601156
38599097
38596830
38593339
38590419
38586373
38583822
38577107
38566987
38562718
38560565
38558434
38553005
38551048
38547058
38532108
38527431
38520730
38519415
38508139
38496546
38496417
38495618
38493445
38490807
38483480
38477522
38475778
38471082
38469870
38464520
38462636
38462144
38458640
38456277
38452982
38448430
38444595
38441062
38439112
38435424
38431093
38431035
38429732
38429146
38426113
38414061
38414005
38407042
38406534
38404571
38402670
38401885
38399416
38398223
38394889
38383737
38362603
38357194
38354028
38353580
38349008
38347264
38339238
38335966
38322418
38319147
38317230
38313430
38312226
38311409
38287511
38285791
38274294
38266806
38261615
38252421
38247566
38241977
38241836
38241681
38232727
38232332
38225704
38225128
38218979
38218171
38216635
38200243
38198534
38194267
38193813
38193627
38193386
38191841
38183060
38181672
38180745
38169544
38164154
38161256
38160854
38152031
38141516
38134634
38113032
38110323
38110167
38087456
38078628
38051221
38050808
38036040
38029851
38029345
37996616
37989825
37962054
37946400
37944143
37939259
37934567
37852632
37847207
37812494
37808833
37806438
37611117
37588232
37581210
37522711
37261868
37258315
37156915
37066426